2600
4 12
1 7
1 4
3 5
1 11
2 6
1 8
2 2
4 3
3 10
3 8
4 6
2 4
1 9
1 1
1 12
2 1
2 11
2 8
3 3
3 9
4 13
2 3
4 5
4 7
1 3
1 6
2 7
4 8
2 10
4 1
1 5
4 10
3 11
4 4
3 13
3 7
1 13
1 2
3 12
3 6
3 4
1 10
4 2
4 9
3 2
4 11
2 9
3 1
2 12
2 5
2 13
4 12
1 7
1 4
3 5
1 11
2 6
1 8
2 2
4 3
3 10
3 8
4 6
2 4
1 9
1 1
1 12
2 1
2 11
2 8
3 3
3 9
4 13
2 3
4 5
4 7
1 3
1 6
2 7
4 8
2 10
4 1
1 5
4 10
3 11
4 4
3 13
3 7
1 13
1 2
3 12
3 6
3 4
1 10
4 2
4 9
3 2
4 11
2 9
3 1
2 12
2 5
2 13
4 12
1 7
1 4
3 5
1 11
2 6
1 8
2 2
4 3
3 10
3 8
4 6
2 4
1 9
1 1
1 12
2 1
2 11
2 8
3 3
3 9
4 13
2 3
4 5
4 7
1 3
1 6
2 7
4 8
2 10
4 1
1 5
4 10
3 11
4 4
3 13
3 7
1 13
1 2
3 12
3 6
3 4
1 10
4 2
4 9
3 2
4 11
2 9
3 1
2 12
2 5
2 13
4 12
1 7
1 4
3 5
1 11
2 6
1 8
2 2
4 3
3 10
3 8
4 6
2 4
1 9
1 1
1 12
2 1
2 11
2 8
3 3
3 9
4 13
2 3
4 5
4 7
1 3
1 6
2 7
4 8
2 10
4 1
1 5
4 10
3 11
4 4
3 13
3 7
1 13
1 2
3 12
3 6
3 4
1 10
4 2
4 9
3 2
4 11
2 9
3 1
2 12
2 5
2 13
4 12
1 7
1 4
3 5
1 11
2 6
1 8
2 2
4 3
3 10
3 8
4 6
2 4
1 9
1 1
1 12
2 1
2 11
2 8
3 3
3 9
4 13
2 3
4 5
4 7
1 3
1 6
2 7
4 8
2 10
4 1
1 5
4 10
3 11
4 4
3 13
3 7
1 13
1 2
3 12
3 6
3 4
1 10
4 2
4 9
3 2
4 11
2 9
3 1
2 12
2 5
2 13
4 12
1 7
1 4
3 5
1 11
2 6
1 8
2 2
4 3
3 10
3 8
4 6
2 4
1 9
1 1
1 12
2 1
2 11
2 8
3 3
3 9
4 13
2 3
4 5
4 7
1 3
1 6
2 7
4 8
2 10
4 1
1 5
4 10
3 11
4 4
3 13
3 7
1 13
1 2
3 12
3 6
3 4
1 10
4 2
4 9
3 2
4 11
2 9
3 1
2 12
2 5
2 13
4 12
1 7
1 4
3 5
1 11
2 6
1 8
2 2
4 3
3 10
3 8
4 6
2 4
1 9
1 1
1 12
2 1
2 11
2 8
3 3
3 9
4 13
2 3
4 5
4 7
1 3
1 6
2 7
4 8
2 10
4 1
1 5
4 10
3 11
4 4
3 13
3 7
1 13
1 2
3 12
3 6
3 4
1 10
4 2
4 9
3 2
4 11
2 9
3 1
2 12
2 5
2 13
4 12
1 7
1 4
3 5
1 11
2 6
1 8
2 2
4 3
3 10
3 8
4 6
2 4
1 9
1 1
1 12
2 1
2 11
2 8
3 3
3 9
4 13
2 3
4 5
4 7
1 3
1 6
2 7
4 8
2 10
4 1
1 5
4 10
3 11
4 4
3 13
3 7
1 13
1 2
3 12
3 6
3 4
1 10
4 2
4 9
3 2
4 11
2 9
3 1
2 12
2 5
2 13
4 12
1 7
1 4
3 5
1 11
2 6
1 8
2 2
4 3
3 10
3 8
4 6
2 4
1 9
1 1
1 12
2 1
2 11
2 8
3 3
3 9
4 13
2 3
4 5
4 7
1 3
1 6
2 7
4 8
2 10
4 1
1 5
4 10
3 11
4 4
3 13
3 7
1 13
1 2
3 12
3 6
3 4
1 10
4 2
4 9
3 2
4 11
2 9
3 1
2 12
2 5
2 13
4 12
1 7
1 4
3 5
1 11
2 6
1 8
2 2
4 3
3 10
3 8
4 6
2 4
1 9
1 1
1 12
2 1
2 11
2 8
3 3
3 9
4 13
2 3
4 5
4 7
1 3
1 6
2 7
4 8
2 10
4 1
1 5
4 10
3 11
4 4
3 13
3 7
1 13
1 2
3 12
3 6
3 4
1 10
4 2
4 9
3 2
4 11
2 9
3 1
2 12
2 5
2 13
4 12
1 7
1 4
3 5
1 11
2 6
1 8
2 2
4 3
3 10
3 8
4 6
2 4
1 9
1 1
1 12
2 1
2 11
2 8
3 3
3 9
4 13
2 3
4 5
4 7
1 3
1 6
2 7
4 8
2 10
4 1
1 5
4 10
3 11
4 4
3 13
3 7
1 13
1 2
3 12
3 6
3 4
1 10
4 2
4 9
3 2
4 11
2 9
3 1
2 12
2 5
2 13
4 12
1 7
1 4
3 5
1 11
2 6
1 8
2 2
4 3
3 10
3 8
4 6
2 4
1 9
1 1
1 12
2 1
2 11
2 8
3 3
3 9
4 13
2 3
4 5
4 7
1 3
1 6
2 7
4 8
2 10
4 1
1 5
4 10
3 11
4 4
3 13
3 7
1 13
1 2
3 12
3 6
3 4
1 10
4 2
4 9
3 2
4 11
2 9
3 1
2 12
2 5
2 13
4 12
1 7
1 4
3 5
1 11
2 6
1 8
2 2
4 3
3 10
3 8
4 6
2 4
1 9
1 1
1 12
2 1
2 11
2 8
3 3
3 9
4 13
2 3
4 5
4 7
1 3
1 6
2 7
4 8
2 10
4 1
1 5
4 10
3 11
4 4
3 13
3 7
1 13
1 2
3 12
3 6
3 4
1 10
4 2
4 9
3 2
4 11
2 9
3 1
2 12
2 5
2 13
4 12
1 7
1 4
3 5
1 11
2 6
1 8
2 2
4 3
3 10
3 8
4 6
2 4
1 9
1 1
1 12
2 1
2 11
2 8
3 3
3 9
4 13
2 3
4 5
4 7
1 3
1 6
2 7
4 8
2 10
4 1
1 5
4 10
3 11
4 4
3 13
3 7
1 13
1 2
3 12
3 6
3 4
1 10
4 2
4 9
3 2
4 11
2 9
3 1
2 12
2 5
2 13
4 12
1 7
1 4
3 5
1 11
2 6
1 8
2 2
4 3
3 10
3 8
4 6
2 4
1 9
1 1
1 12
2 1
2 11
2 8
3 3
3 9
4 13
2 3
4 5
4 7
1 3
1 6
2 7
4 8
2 10
4 1
1 5
4 10
3 11
4 4
3 13
3 7
1 13
1 2
3 12
3 6
3 4
1 10
4 2
4 9
3 2
4 11
2 9
3 1
2 12
2 5
2 13
4 12
1 7
1 4
3 5
1 11
2 6
1 8
2 2
4 3
3 10
3 8
4 6
2 4
1 9
1 1
1 12
2 1
2 11
2 8
3 3
3 9
4 13
2 3
4 5
4 7
1 3
1 6
2 7
4 8
2 10
4 1
1 5
4 10
3 11
4 4
3 13
3 7
1 13
1 2
3 12
3 6
3 4
1 10
4 2
4 9
3 2
4 11
2 9
3 1
2 12
2 5
2 13
4 12
1 7
1 4
3 5
1 11
2 6
1 8
2 2
4 3
3 10
3 8
4 6
2 4
1 9
1 1
1 12
2 1
2 11
2 8
3 3
3 9
4 13
2 3
4 5
4 7
1 3
1 6
2 7
4 8
2 10
4 1
1 5
4 10
3 11
4 4
3 13
3 7
1 13
1 2
3 12
3 6
3 4
1 10
4 2
4 9
3 2
4 11
2 9
3 1
2 12
2 5
2 13
4 12
1 7
1 4
3 5
1 11
2 6
1 8
2 2
4 3
3 10
3 8
4 6
2 4
1 9
1 1
1 12
2 1
2 11
2 8
3 3
3 9
4 13
2 3
4 5
4 7
1 3
1 6
2 7
4 8
2 10
4 1
1 5
4 10
3 11
4 4
3 13
3 7
1 13
1 2
3 12
3 6
3 4
1 10
4 2
4 9
3 2
4 11
2 9
3 1
2 12
2 5
2 13
4 12
1 7
1 4
3 5
1 11
2 6
1 8
2 2
4 3
3 10
3 8
4 6
2 4
1 9
1 1
1 12
2 1
2 11
2 8
3 3
3 9
4 13
2 3
4 5
4 7
1 3
1 6
2 7
4 8
2 10
4 1
1 5
4 10
3 11
4 4
3 13
3 7
1 13
1 2
3 12
3 6
3 4
1 10
4 2
4 9
3 2
4 11
2 9
3 1
2 12
2 5
2 13
4 12
1 7
1 4
3 5
1 11
2 6
1 8
2 2
4 3
3 10
3 8
4 6
2 4
1 9
1 1
1 12
2 1
2 11
2 8
3 3
3 9
4 13
2 3
4 5
4 7
1 3
1 6
2 7
4 8
2 10
4 1
1 5
4 10
3 11
4 4
3 13
3 7
1 13
1 2
3 12
3 6
3 4
1 10
4 2
4 9
3 2
4 11
2 9
3 1
2 12
2 5
2 13
4 12
1 7
1 4
3 5
1 11
2 6
1 8
2 2
4 3
3 10
3 8
4 6
2 4
1 9
1 1
1 12
2 1
2 11
2 8
3 3
3 9
4 13
2 3
4 5
4 7
1 3
1 6
2 7
4 8
2 10
4 1
1 5
4 10
3 11
4 4
3 13
3 7
1 13
1 2
3 12
3 6
3 4
1 10
4 2
4 9
3 2
4 11
2 9
3 1
2 12
2 5
2 13
4 12
1 7
1 4
3 5
1 11
2 6
1 8
2 2
4 3
3 10
3 8
4 6
2 4
1 9
1 1
1 12
2 1
2 11
2 8
3 3
3 9
4 13
2 3
4 5
4 7
1 3
1 6
2 7
4 8
2 10
4 1
1 5
4 10
3 11
4 4
3 13
3 7
1 13
1 2
3 12
3 6
3 4
1 10
4 2
4 9
3 2
4 11
2 9
3 1
2 12
2 5
2 13
4 12
1 7
1 4
3 5
1 11
2 6
1 8
2 2
4 3
3 10
3 8
4 6
2 4
1 9
1 1
1 12
2 1
2 11
2 8
3 3
3 9
4 13
2 3
4 5
4 7
1 3
1 6
2 7
4 8
2 10
4 1
1 5
4 10
3 11
4 4
3 13
3 7
1 13
1 2
3 12
3 6
3 4
1 10
4 2
4 9
3 2
4 11
2 9
3 1
2 12
2 5
2 13
4 12
1 7
1 4
3 5
1 11
2 6
1 8
2 2
4 3
3 10
3 8
4 6
2 4
1 9
1 1
1 12
2 1
2 11
2 8
3 3
3 9
4 13
2 3
4 5
4 7
1 3
1 6
2 7
4 8
2 10
4 1
1 5
4 10
3 11
4 4
3 13
3 7
1 13
1 2
3 12
3 6
3 4
1 10
4 2
4 9
3 2
4 11
2 9
3 1
2 12
2 5
2 13
4 12
1 7
1 4
3 5
1 11
2 6
1 8
2 2
4 3
3 10
3 8
4 6
2 4
1 9
1 1
1 12
2 1
2 11
2 8
3 3
3 9
4 13
2 3
4 5
4 7
1 3
1 6
2 7
4 8
2 10
4 1
1 5
4 10
3 11
4 4
3 13
3 7
1 13
1 2
3 12
3 6
3 4
1 10
4 2
4 9
3 2
4 11
2 9
3 1
2 12
2 5
2 13
4 12
1 7
1 4
3 5
1 11
2 6
1 8
2 2
4 3
3 10
3 8
4 6
2 4
1 9
1 1
1 12
2 1
2 11
2 8
3 3
3 9
4 13
2 3
4 5
4 7
1 3
1 6
2 7
4 8
2 10
4 1
1 5
4 10
3 11
4 4
3 13
3 7
1 13
1 2
3 12
3 6
3 4
1 10
4 2
4 9
3 2
4 11
2 9
3 1
2 12
2 5
2 13
4 12
1 7
1 4
3 5
1 11
2 6
1 8
2 2
4 3
3 10
3 8
4 6
2 4
1 9
1 1
1 12
2 1
2 11
2 8
3 3
3 9
4 13
2 3
4 5
4 7
1 3
1 6
2 7
4 8
2 10
4 1
1 5
4 10
3 11
4 4
3 13
3 7
1 13
1 2
3 12
3 6
3 4
1 10
4 2
4 9
3 2
4 11
2 9
3 1
2 12
2 5
2 13
4 12
1 7
1 4
3 5
1 11
2 6
1 8
2 2
4 3
3 10
3 8
4 6
2 4
1 9
1 1
1 12
2 1
2 11
2 8
3 3
3 9
4 13
2 3
4 5
4 7
1 3
1 6
2 7
4 8
2 10
4 1
1 5
4 10
3 11
4 4
3 13
3 7
1 13
1 2
3 12
3 6
3 4
1 10
4 2
4 9
3 2
4 11
2 9
3 1
2 12
2 5
2 13
4 12
1 7
1 4
3 5
1 11
2 6
1 8
2 2
4 3
3 10
3 8
4 6
2 4
1 9
1 1
1 12
2 1
2 11
2 8
3 3
3 9
4 13
2 3
4 5
4 7
1 3
1 6
2 7
4 8
2 10
4 1
1 5
4 10
3 11
4 4
3 13
3 7
1 13
1 2
3 12
3 6
3 4
1 10
4 2
4 9
3 2
4 11
2 9
3 1
2 12
2 5
2 13
4 12
1 7
1 4
3 5
1 11
2 6
1 8
2 2
4 3
3 10
3 8
4 6
2 4
1 9
1 1
1 12
2 1
2 11
2 8
3 3
3 9
4 13
2 3
4 5
4 7
1 3
1 6
2 7
4 8
2 10
4 1
1 5
4 10
3 11
4 4
3 13
3 7
1 13
1 2
3 12
3 6
3 4
1 10
4 2
4 9
3 2
4 11
2 9
3 1
2 12
2 5
2 13
4 12
1 7
1 4
3 5
1 11
2 6
1 8
2 2
4 3
3 10
3 8
4 6
2 4
1 9
1 1
1 12
2 1
2 11
2 8
3 3
3 9
4 13
2 3
4 5
4 7
1 3
1 6
2 7
4 8
2 10
4 1
1 5
4 10
3 11
4 4
3 13
3 7
1 13
1 2
3 12
3 6
3 4
1 10
4 2
4 9
3 2
4 11
2 9
3 1
2 12
2 5
2 13
4 12
1 7
1 4
3 5
1 11
2 6
1 8
2 2
4 3
3 10
3 8
4 6
2 4
1 9
1 1
1 12
2 1
2 11
2 8
3 3
3 9
4 13
2 3
4 5
4 7
1 3
1 6
2 7
4 8
2 10
4 1
1 5
4 10
3 11
4 4
3 13
3 7
1 13
1 2
3 12
3 6
3 4
1 10
4 2
4 9
3 2
4 11
2 9
3 1
2 12
2 5
2 13
4 12
1 7
1 4
3 5
1 11
2 6
1 8
2 2
4 3
3 10
3 8
4 6
2 4
1 9
1 1
1 12
2 1
2 11
2 8
3 3
3 9
4 13
2 3
4 5
4 7
1 3
1 6
2 7
4 8
2 10
4 1
1 5
4 10
3 11
4 4
3 13
3 7
1 13
1 2
3 12
3 6
3 4
1 10
4 2
4 9
3 2
4 11
2 9
3 1
2 12
2 5
2 13
4 12
1 7
1 4
3 5
1 11
2 6
1 8
2 2
4 3
3 10
3 8
4 6
2 4
1 9
1 1
1 12
2 1
2 11
2 8
3 3
3 9
4 13
2 3
4 5
4 7
1 3
1 6
2 7
4 8
2 10
4 1
1 5
4 10
3 11
4 4
3 13
3 7
1 13
1 2
3 12
3 6
3 4
1 10
4 2
4 9
3 2
4 11
2 9
3 1
2 12
2 5
2 13
4 12
1 7
1 4
3 5
1 11
2 6
1 8
2 2
4 3
3 10
3 8
4 6
2 4
1 9
1 1
1 12
2 1
2 11
2 8
3 3
3 9
4 13
2 3
4 5
4 7
1 3
1 6
2 7
4 8
2 10
4 1
1 5
4 10
3 11
4 4
3 13
3 7
1 13
1 2
3 12
3 6
3 4
1 10
4 2
4 9
3 2
4 11
2 9
3 1
2 12
2 5
2 13
4 12
1 7
1 4
3 5
1 11
2 6
1 8
2 2
4 3
3 10
3 8
4 6
2 4
1 9
1 1
1 12
2 1
2 11
2 8
3 3
3 9
4 13
2 3
4 5
4 7
1 3
1 6
2 7
4 8
2 10
4 1
1 5
4 10
3 11
4 4
3 13
3 7
1 13
1 2
3 12
3 6
3 4
1 10
4 2
4 9
3 2
4 11
2 9
3 1
2 12
2 5
2 13
4 12
1 7
1 4
3 5
1 11
2 6
1 8
2 2
4 3
3 10
3 8
4 6
2 4
1 9
1 1
1 12
2 1
2 11
2 8
3 3
3 9
4 13
2 3
4 5
4 7
1 3
1 6
2 7
4 8
2 10
4 1
1 5
4 10
3 11
4 4
3 13
3 7
1 13
1 2
3 12
3 6
3 4
1 10
4 2
4 9
3 2
4 11
2 9
3 1
2 12
2 5
2 13
4 12
1 7
1 4
3 5
1 11
2 6
1 8
2 2
4 3
3 10
3 8
4 6
2 4
1 9
1 1
1 12
2 1
2 11
2 8
3 3
3 9
4 13
2 3
4 5
4 7
1 3
1 6
2 7
4 8
2 10
4 1
1 5
4 10
3 11
4 4
3 13
3 7
1 13
1 2
3 12
3 6
3 4
1 10
4 2
4 9
3 2
4 11
2 9
3 1
2 12
2 5
2 13
4 12
1 7
1 4
3 5
1 11
2 6
1 8
2 2
4 3
3 10
3 8
4 6
2 4
1 9
1 1
1 12
2 1
2 11
2 8
3 3
3 9
4 13
2 3
4 5
4 7
1 3
1 6
2 7
4 8
2 10
4 1
1 5
4 10
3 11
4 4
3 13
3 7
1 13
1 2
3 12
3 6
3 4
1 10
4 2
4 9
3 2
4 11
2 9
3 1
2 12
2 5
2 13
4 12
1 7
1 4
3 5
1 11
2 6
1 8
2 2
4 3
3 10
3 8
4 6
2 4
1 9
1 1
1 12
2 1
2 11
2 8
3 3
3 9
4 13
2 3
4 5
4 7
1 3
1 6
2 7
4 8
2 10
4 1
1 5
4 10
3 11
4 4
3 13
3 7
1 13
1 2
3 12
3 6
3 4
1 10
4 2
4 9
3 2
4 11
2 9
3 1
2 12
2 5
2 13
4 12
1 7
1 4
3 5
1 11
2 6
1 8
2 2
4 3
3 10
3 8
4 6
2 4
1 9
1 1
1 12
2 1
2 11
2 8
3 3
3 9
4 13
2 3
4 5
4 7
1 3
1 6
2 7
4 8
2 10
4 1
1 5
4 10
3 11
4 4
3 13
3 7
1 13
1 2
3 12
3 6
3 4
1 10
4 2
4 9
3 2
4 11
2 9
3 1
2 12
2 5
2 13
4 12
1 7
1 4
3 5
1 11
2 6
1 8
2 2
4 3
3 10
3 8
4 6
2 4
1 9
1 1
1 12
2 1
2 11
2 8
3 3
3 9
4 13
2 3
4 5
4 7
1 3
1 6
2 7
4 8
2 10
4 1
1 5
4 10
3 11
4 4
3 13
3 7
1 13
1 2
3 12
3 6
3 4
1 10
4 2
4 9
3 2
4 11
2 9
3 1
2 12
2 5
2 13
4 12
1 7
1 4
3 5
1 11
2 6
1 8
2 2
4 3
3 10
3 8
4 6
2 4
1 9
1 1
1 12
2 1
2 11
2 8
3 3
3 9
4 13
2 3
4 5
4 7
1 3
1 6
2 7
4 8
2 10
4 1
1 5
4 10
3 11
4 4
3 13
3 7
1 13
1 2
3 12
3 6
3 4
1 10
4 2
4 9
3 2
4 11
2 9
3 1
2 12
2 5
2 13
4 12
1 7
1 4
3 5
1 11
2 6
1 8
2 2
4 3
3 10
3 8
4 6
2 4
1 9
1 1
1 12
2 1
2 11
2 8
3 3
3 9
4 13
2 3
4 5
4 7
1 3
1 6
2 7
4 8
2 10
4 1
1 5
4 10
3 11
4 4
3 13
3 7
1 13
1 2
3 12
3 6
3 4
1 10
4 2
4 9
3 2
4 11
2 9
3 1
2 12
2 5
2 13
4 12
1 7
1 4
3 5
1 11
2 6
1 8
2 2
4 3
3 10
3 8
4 6
2 4
1 9
1 1
1 12
2 1
2 11
2 8
3 3
3 9
4 13
2 3
4 5
4 7
1 3
1 6
2 7
4 8
2 10
4 1
1 5
4 10
3 11
4 4
3 13
3 7
1 13
1 2
3 12
3 6
3 4
1 10
4 2
4 9
3 2
4 11
2 9
3 1
2 12
2 5
2 13
4 12
1 7
1 4
3 5
1 11
2 6
1 8
2 2
4 3
3 10
3 8
4 6
2 4
1 9
1 1
1 12
2 1
2 11
2 8
3 3
3 9
4 13
2 3
4 5
4 7
1 3
1 6
2 7
4 8
2 10
4 1
1 5
4 10
3 11
4 4
3 13
3 7
1 13
1 2
3 12
3 6
3 4
1 10
4 2
4 9
3 2
4 11
2 9
3 1
2 12
2 5
2 13
4 12
1 7
1 4
3 5
1 11
2 6
1 8
2 2
4 3
3 10
3 8
4 6
2 4
1 9
1 1
1 12
2 1
2 11
2 8
3 3
3 9
4 13
2 3
4 5
4 7
1 3
1 6
2 7
4 8
2 10
4 1
1 5
4 10
3 11
4 4
3 13
3 7
1 13
1 2
3 12
3 6
3 4
1 10
4 2
4 9
3 2
4 11
2 9
3 1
2 12
2 5
2 13
4 12
1 7
1 4
3 5
1 11
2 6
1 8
2 2
4 3
3 10
3 8
4 6
2 4
1 9
1 1
1 12
2 1
2 11
2 8
3 3
3 9
4 13
2 3
4 5
4 7
1 3
1 6
2 7
4 8
2 10
4 1
1 5
4 10
3 11
4 4
3 13
3 7
1 13
1 2
3 12
3 6
3 4
1 10
4 2
4 9
3 2
4 11
2 9
3 1
2 12
2 5
2 13
4 12
1 7
1 4
3 5
1 11
2 6
1 8
2 2
4 3
3 10
3 8
4 6
2 4
1 9
1 1
1 12
2 1
2 11
2 8
3 3
3 9
4 13
2 3
4 5
4 7
1 3
1 6
2 7
4 8
2 10
4 1
1 5
4 10
3 11
4 4
3 13
3 7
1 13
1 2
3 12
3 6
3 4
1 10
4 2
4 9
3 2
4 11
2 9
3 1
2 12
2 5
2 13
4 12
1 7
1 4
3 5
1 11
2 6
1 8
2 2
4 3
3 10
3 8
4 6
2 4
1 9
1 1
1 12
2 1
2 11
2 8
3 3
3 9
4 13
2 3
4 5
4 7
1 3
1 6
2 7
4 8
2 10
4 1
1 5
4 10
3 11
4 4
3 13
3 7
1 13
1 2
3 12
3 6
3 4
1 10
4 2
4 9
3 2
4 11
2 9
3 1
2 12
2 5
2 13
